182 0100111000. te 185.

1011001010011100100110110101 01 qn’il s’ngisse du nntme personncgeo. F. Eiusdem nomen
in nummo quodam obvenit3 01. quse docuit l.l. Weilins. — V. 43 εἰς τάν βασιλείανι 010001-
000100080010001(1001011100 0101) sed Mithridatis, 1. 0. 10 Pontum. Nom Foucerti opinio,
(111110 βασιλείαν regiam Mithridatis intellegit, 0011000 sermonis 010001 pugnet». Ditt. -
V. 47 sq. De 0101100001101011101011000100111110111000101101100 egisse 10 diario minist.
‘ inst. publ. m. 100100. 1884 cl. phil. p. 48 sq. semel hic 010010--1Ι 56. ds 010100-
000110100 fastis nihil novimus nisi Dionysii mensis nomen; hos e Megsrensibus (non 0
Bithynicis ut putat Jnrg.) lastis restituendos esse monui in libro de calend. 0001. 01 0011010

. p. 149 n. 42.

Heponoms. 0...101101111; Το01 scopilionem 0101 101000101010 0110000111, 611111 0001111
1111011 1 6101011101011, 0 00 0101011 0010 Μ10101110 01001010 1100101001 101111011 1 00101011 00 10010
1000010 silvano, 1100100000 01100100 ’01001101011 10610 111 00111010 101 0001, 0100000 11010 11 0101100111·
01111 1 assentimini, 11011011; 611111 010 0111101001 111 1 0111001 na 0060 0001110111000010010111,
011611111 10011 101011, 01100110 0010111111 00 1011110101011001001011 0011011011 10110 010 00100111
11011 110101111000010 000001 ua 1000 01 6011101010 1000010, 001, 00101011 010001101111, 06101011 11 6110110
0110011, 01110110000 1000611011111, 1100010061000100111011 10, 110 11010 1100101011 00001011 001111
0001011111 1011 01110 1100011 0011111111 0061 0110011111Το110110 00101011101011 nc 00010 11011, 0111
0101010100 118000010010 110110011 1, 00101101111 10101100 01010 10010 1011111101111011, 010101010-
11100 11 10011 11010 0, 10011 01006010 11011001 1111111101010010010, 0101101 11 01011110000111 10110110
01101 01011 011 11010110 11100011 110110 1 11000011, 110110 10, 110 00011 101 011000101001110011111 110110
Μ1010101101001011; 00110 61010101011 0010110011011 010 0111111111 001001011, 0011 00100011011111
1010 011 11011100110 001001011. 11011010 01001 0610111001 0101101100 01111101010110, 0100111101 011
11010 1101111111 0010110110 1111, 0 00110 00111100101011111001011 00 1101 0111111 01010 0100011 01 101·
01011 1110001110, 1010 spons 0010101001 01 1011, 1110001111 01 010011 0001011 1 001101111011 101 1101110111
11111100 0101011 0011111 111000101 0110011, no 611111 0010111001 0000101010 0 0010101011 11 011·
1010110 110110011, 0110110100111011110101 0111010 0 0100110011 11 00011 11110100 01001000010 00110;
10110 010 1101001, 0010100, 110 11010 01161010011010111011, 0061011 001111 0101111 011011 1010 01011001
10 01010 0101011 001011 Ρο1100001001, 0001001000 0011011101100110 Χο10000011011 11110, 0 10110 0011101111 ,
11000111, 100101011011 01110011οι00 11 11011 111001 010100010100000 1111101100 0010101100 110110 1
1101101110 01110011 1 011011 10011 101011; 00110 ,11000011 0111011 1001110110 1100οο11110, 1000001110-
1010 110 11010 1100101010 00001010 006110 0100100 11001000101000 00 101 1101011οε 060101 011011 00111
10110 se cnecon, 0 101 0001100011 1010101111 cucco 10100110. He 10100 samono 00 101111 11 60011101110,
1101101000, 00011 1011000, 00111 11 101011 10011 00 110100 1 11000011 00 10111 1010011111 ----- 61-
10011, 0 00101111110010001 0011011100 0 - - - -. 0101011110οο1 01 Βο00010110 1101110011, 011 10110111
1010101ἰο 1110 0101100110 0 nonense 110 11010 Μ10101010111001010; 10110 10 00001010001010111011011 ⁸
0011010 100010οἰ0 0 16111 100001001010 010 [1. e. 0011000] 00000100010 0010 00100010, 00101101 1110001110
0001001110 00101011, 011, 10611011 0000110011, 0111 00 010100101111 00 00111101101011 1010610 1, 0116101
ss 0010 10100111 11011001, 0 monam 0110 1001001000 0011101110 00 00010101 0001010010 010 11010 Μ1110·
1010 00001010, 11 10101100011 010100 01 01100111111 1 10101011 10100011, 0 11011 1010 10011 1 01601·
0111 101 1100110111 10 11011 011011 1, 011101010101001 10111010 101010, 10011 80010010 0 Πο011100011,
11100111001100010010 10100011, 0 0011010, 1611111 11010 1Ιο100010, 0011001101 11 0100 1101, 0101001 01 1101·
0110 [1110101010] 110101006100010 0010101010111 1100111010 1100101010 01001010. 111011 1010011, 00111·
01110 0101011001111 10101011 0000101001110 00011 001001011 1010000001011, 0110010061010011011111
1 10110011111. 1111011, 11061 1 101011 01000100 1001010100111001011110 61101011001101011160010·
11101011, 10 00010101011 000111 1 10101111101011111000110 0110 1011001010ρο 00001111 01111011 01
010011011 Πο1001111011010 0101100011, 011 10110011001011 01110011 0110101000 0100001101001οτ 1Ηο1011
101111100111110001100101100101010 0110000110 00 010 106100111 610100110110011 01 000111 0001011111
101010 010 1111110 0101101100100110001110011 10 01100011 00111 0110101 11111 0110100100ος 061 01011
00060111100 1110001010111111101110010111 1011011, 11061 6110 0111010 0001 100100 010110 1 111101 10·
1011011100 0 000100010οἰ0 10 0101001011 010111, 0001106110 00 010 00101110 01101110010100110100101·

 

