87777787778.77.7771 243

χαῖρε binis ternisve adscriptum 215. 211.-161 1 ρειρ ζειν πλεῖστα τῶν κοινῶν 16Β, 77. -τὰς τῆς
85124. 1 πόλεως προσόδους 717771. 87.

χαρακτήρ 1674, 78. χρῆσται 16Β, 84. 87.

χαριστήριον 78. 79. 80. 82. 83. 901. 94. 1821ρωριρίζεσθαι 185, 78. 87.
242 243. ωριότὴς 16, 78. 77.

711. INDEX 1000111111 UBI LAPIDES SERVANTUR.

· 387811771177777778881781 (aaa).

6187187188 77 museo 0817878118118754.

chersonesi· 111 monasterio: 184—189. 192. 193. 199. 212. 227. 229. 230. 231. 235. 236. 237. 239.

688818811888811 777 museo 8881818118 771711818ςὶ888 Graecae: 11.

11787788777778888 117178781181187247. 31. 8117 (777171). 32. 385 (87181.) 39. 395(8718.). 71. 91. 116-1-125.
131. 13811. 158.

1188118871 apud 186 1. Suru 8817878777 20. 21-7-105. 29. 35118181). 45. 87. 118 120. 127.141.142
145150.

18188818191169. 177.

11888888· 111 museo historiae: 10. 13. 151 (cs. 777171). 17. 2487-8. 25. 2787. 7. 37. 43 447 (778171). 46. 52.
87 (cf. 877). 88. 84. 88. 88. 88ι (877) 77 78. 88. 871 (777.). 88. 88. 88. 87. 788. 787. 777. .
784( (777771.) 774. 77877777). 788. 787. 748. 788. 787. 784. 788- 778. 798.

177 oppido 1187817877 121.

edessae apud Bloekium: 58. ·· v
in 8777888 8881818118 hiet. 81 arehaeelogicae: 1. 2 3. [47.] 5. 5( (es. add..) 9.12.l4.1.5a 1819.
23. 28. 35. 38. 41. 42. 44. 49. 50. 51. 59. 60. 61-7-112. 66. 74- 77. 79. 80. 82. 83. 89. 95.
97116561. 788. 784. 788. 778. 778. 777. 777. 778. 778. 778. 779. 77877777). 788. 788187.
13817. 139. 140. 143. 144. 146. 147. 149. 154-157. 159. 161. 163. 172-179. 190. 195. 198.
213. 218. 219. 226. 241. 142. 243.

· 17717777888117717878118118·8690.117.Ι

177 oppido 78718781· 77 museo regiae: 133. 134.

7817877811’77111118118887781711887 16. 22. 26. 56. 109-1-115.
in museo quod 7888 ur Eruntaga 55. 67-1-99. 94. 101. 197. 203-1-210. 215. 232.

1188188188 777 museo: 194. 200. 240.

7871871781 aut loe1a1gno 111878 tent: 7. 8. 2717. 30. 38. 34. 36. 40. 47. 48. 53. 57. 69. 70. 78. 81. 84. 92.
98. 102. 103. 151. 152. 180- 183191. 202. 211. 214. 216. 217. 220- 225. 228. 233. 234.
238. 240. 244. ’

 

